problema1
609.0286867880229
1 31 13 8 7 4 29 9 10 30 1 
1 25 21 6 26 16 12 18 1 
problema2
562.8166528029512
1 23 24 7 20 22 30 17 13 33 1 
1 3 21 14 27 6 31 1 
1 10 18 1 
problema3
958.9437265605544
1 2 5 48 8 18 12 35 22 26 37 1 
1 32 21 52 28 39 27 30 45 20 1 
1 34 4 15 46 3 1 
1 49 17 24 1 
problema4
883.5149164475233
1 44 53 17 7 11 36 30 8 19 1 
1 29 37 18 39 45 10 12 1 
1 35 42 26 52 25 3 38 9 1 
1 4 22 41 1 
problema5
1418.7729996789203
1 50 14 43 37 54 4 61 65 34 55 5 1 
1 41 22 2 11 72 64 63 79 69 1 
1 39 77 46 33 10 56 48 1 
1 28 31 38 9 62 21 26 27 1 
1 53 49 57 66 36 1 
problema6
583.4169660908369
1 22 17 26 5 30 8 9 3 1 
1 29 14 10 4 2 25 15 1 
1 21 1 
problema7
1043.8343375472605
1 89 112 86 113 82 120 121 106 107 100 97 115 109 110 116 111 99 104 74 1 
1 114 7 6 11 15 13 9 3 17 21 22 29 32 31 35 26 30 45 80 1 
1 68 72 73 79 81 69 53 58 60 62 66 64 67 59 51 1 
1 41 44 43 39 48 49 52 57 1 
problema8
1099.2972566416252
1 54 59 138 118 88 3 146 23 76 74 111 150 110 81 122 18 1 
1 28 29 77 78 51 2 102 32 89 8 83 49 47 37 79 1 
1 113 90 7 119 84 115 126 19 53 11 91 127 65 1 
1 94 99 62 114 87 142 15 143 44 16 39 56 1 
1 55 135 140 24 68 34 52 10 104 72 137 1 
1 123 21 67 66 35 12 20 48 144 1 
problema9
619.2261247875972
1 76 68 47 53 30 31 3 63 74 2 44 24 50 17 52 56 1 
1 13 73 40 11 66 54 8 20 55 58 38 37 48 72 62 1 
1 4 51 26 32 60 23 65 1 
problema10
699.5981765139841
1 54 59 14 96 38 88 43 44 16 42 74 57 40 5 56 55 81 69 30 25 80 34 51 71 32 11 91 64 12 65 37 47 1 
1 28 53 19 61 85 46 83 20 50 90 27 68 15 39 87 21 67 72 66 1 
problema11
543.9157706580783
1 31 8 7 4 29 19 16 6 1 
1 25 22 11 1 
problema12
352.56574723418987
1 23 24 7 15 30 17 10 1 
1 3 21 5 14 1 
problema13
705.9886586405751
1 29 61 45 4 5 31 36 1 
1 16 23 43 63 42 25 58 38 1 
1 19 2 46 8 28 11 1 
problema14
627.7826387020209
1 8 18 55 35 27 53 24 4 1 
1 34 13 12 29 57 56 60 1 
1 50 40 3 45 54 1 
1 20 6 1 
problema15
129.74247389286592
1 7 8 14 17 18 4 5 1 
problema16
165.4227577543112
1 17 3 11 5 21 15 19 1 
problema17
387.9453816581142
1 27 8 47 28 30 24 1 
1 7 34 2 29 38 1 
1 4 50 19 32 11 1 
1 12 1 
problema18
434.1021221930385
1 47 28 49 9 4 1 
1 48 38 6 17 51 1 
1 15 25 14 20 36 1 
1 46 40 1 
problema19
530.3980952915975
1 68 27 8 54 12 39 1 
1 7 52 33 51 26 32 25 1 
1 30 16 21 37 48 29 62 43 1 
1 14 60 65 1 
problema20
565.8629659884759
1 54 59 14 7 97 88 15 44 39 87 18 47 48 37 20 63 11 91 31 52 82 4 81 55 56 25 51 72 65 1 
1 74 57 68 67 66 1 
problema21
4871.048588299004
1 164 70 158 44 226 243 39 40 103 259 258 15 201 200 8 1 
1 65 194 252 171 10 90 249 107 151 196 28 229 235 1 
1 191 124 136 17 7 38 45 23 24 197 112 117 257 1 
1 205 55 19 138 174 218 84 37 66 173 1 
1 113 214 216 105 142 247 161 165 82 22 210 88 1 
1 208 192 262 20 34 69 233 71 156 77 72 2 1 
1 204 239 43 114 48 18 25 246 202 68 145 1 
1 14 177 227 60 182 133 30 42 179 1 
1 13 62 130 131 206 230 140 232 146 96 36 1 
1 223 106 159 135 160 128 118 108 213 1 
1 187 29 157 260 193 120 95 89 94 1 
1 153 181 180 188 129 248 87 1 
problema22
3785.2146860331713
1 164 225 65 194 252 204 239 43 114 48 259 258 45 88 1 
1 191 124 136 17 7 170 163 220 234 40 28 229 1 
1 205 55 125 134 212 130 206 72 232 69 235 100 2 1 
1 113 216 142 247 8 173 187 82 257 183 36 51 1 
1 218 184 207 190 107 14 255 25 128 15 1 
1 186 155 156 157 145 219 95 94 1 
1 223 106 133 30 159 135 148 52 160 1 
1 23 24 49 99 93 46 213 1 
1 201 181 248 1 
